CPI,C,CPP,JAVA,DATA STRUCTURE,OPERATING SYSTEM,COMPUTER NETWORKS,ALGORITHMS,SOFTWARE ENGINNERING,DATABASE,WEB,PHP,COMMUNICATION,CODING SKILLS,PYTHON,ANDROID,LINUX,GROUP BUILDING ACTIVITIES,EXTRA CURRICULAR ACTIVITIES,CO-CURRICULAR ACTIVITIES,MACHINE LEARNING,ARTIFICIAL INTELLIGENCE,CLOUD COMPUTING,COMPANY NAME:
8.5,6,5,8,6,6,5,7,6,6,6,6,9,8,7,1,1,9,8,7,2,1,2,Barclay's
8.5,6,5,8,6,6,5,7,6,6,6,6,9,8,7,1,1,9,8,4,2,1,3,Barclay's
8.9,5,6,6,8,7,7,7,6,5,4,6,8,9,6,5,4,8,7,7,3,3,2,Barclay's
8.5,7,8,7,8,8,7,7,4,7,2,3,8,8,4,3,3,6,5,6,4,3,2,Siemens PLM
8,6,8,8,8,7,7,6,6,7,2,4,5,7,4,3,2,6,7,6,1,1,2,Siemens PLM
8.3,6,7,7,7,8,8,7,7,7,5,5,6,6,4,4,6,6,6,7,4,4,4,Siemens PLM
8.3,7,8,8,8,7,9,4,4,6,2,6,6,8,7,2,2,8,7,6,1,1,1,Symantec
8.11,7,8,8,8,7,9,8,7,7,5,5,7,7,5,4,5,7,7,6,4,5,5,Symantec
8.6,7,7,7,9,9,9,8,5,5,2,3,6,7,2,2,2,6,6,7,2,2,2,Symantec
6.9,8,8,9,8,7,7,7,6,6,5,5,6,8,5,5,4,6,6,6,4,5,6,Veritas
8.2,8,9,8,9,7,6,7,6,6,3,6,6,8,7,2,3,8,8,7,2,2,2,Veritas
8,8,8,9,8,6,6,8,5,6,5,4,6,9,2,1,2,5,5,6,2,1,1,Veritas
8.4,6,7,6,6,7,5,6,4,4,3,5,6,6,6,6,5,5,6,5,3,3,3,TCS
7.09,7,7,8,7,7,7,6,6,6,5,5,7,6,4,4,4,6,5,5,4,4,5,TCS
8,6,6,5,6,5,5,7,3,6,3,3,6,7,3,2,2,6,4,5,2,2,1,TCS
8.6,5,4,6,4,6,4,5,6,6,5,4,5,6,6,5,4,6,5,6,5,6,6,Wipro
6.95,6,6,6,6,6,5,5,5,5,3,5,6,6,4,4,4,4,4,3,3,1,1,Wipro
7,5,5,5,6,6,5,4,3,4,4,2,5,5,1,1,1,4,3,5,1,1,1,Wipro
6.3,4,5,6,4,6,4,5,4,4,6,5,6,7,5,3,4,7,6,6,2,2,2,IBM
7.33,6,5,6,5,5,4,5,4,4,1,1,6,5,3,1,3,5,4,4,1,1,3,IBM
7.6,7,6,8,6,6,7,8,7,8,7,7,6,7,6,8,6,7,9,8,3,5,4,Infosys
7.1,4,4,5,5,6,4,6,3,4,1,2,5,7,1,2,1,6,6,5,2,1,1,IBM
6.76,5,5,5,5,5,5,4,4,4,1,1,5,5,3,3,3,3,3,3,1,1,2,Infosys
8.6,7,6,9,7,6,7,7,8,6,8,7,7,6,5,6,4,7,7,8,8,7,3,Cybage
9,7,8,9,9,8,7,7,7,8,9,8,7,7,7,8,9,9,9,9,3,4,3,Thought Works
6.5,4,4,3,5,4,4,4,2,2,1,1,4,6,1,2,1,2,4,3,4,4,2,Infosys
6.88,6,5,7,5,5,4,6,5,5,2,2,6,5,5,1,1,4,4,3,1,1,2,Cybage
7,3,3,4,4,4,4,5,4,3,1,1,5,6,2,1,1,5,4,4,1,1,1,Cybage
8.23,7,7,9,6,7,7,7,7,6,2,2,7,6,1,1,1,5,5,5,3,3,4,Thought Works
